xof 0303txt 0032

template AnimTicksPerSecond {
  <9E415A43-7BA6-4a73-8743-B73D47E88476>
  DWORD AnimTicksPerSecond;
}

template XSkinMeshHeader {
  <3cf169ce-ff7c-44ab-93c0-f78f62d172e2>
  WORD nMaxSkinWeightsPerVertex;
  WORD nMaxSkinWeightsPerFace;
  WORD nBones;
}

template SkinWeights {
  <6f0d123b-bad2-4167-a0d0-80224f25fabb>
  STRING transformNodeName;
  DWORD nWeights;
  array DWORD vertexIndices[nWeights];
  array float weights[nWeights];
  Matrix4x4 matrixOffset;
}

Frame Root {
  FrameTransformMatrix {
     1.000000, 0.000000, 0.000000, 0.000000,
     0.000000, 0.000000, 1.000000, 0.000000,
     0.000000, 1.000000,-0.000000, 0.000000,
     0.000000, 0.000000, 0.000000, 1.000000;;
  }
  Frame Armature {
    FrameTransformMatrix {
       1.000000, 0.000000, 0.000000, 0.000000,
       0.000000, 1.000000, 0.000000, 0.000000,
       0.000000, 0.000000, 1.000000, 0.000000,
       0.000000, 0.000000, 4.982178, 1.000000;;
    }
    Frame Armature_controller {
      FrameTransformMatrix {
         1.000000, 0.000000, 0.000000, 0.000000,
         0.000000, 0.000000, 1.000000, 0.000000,
         0.000000,-1.000000, 0.000000, 0.000000,
         0.000000, 0.000000,-8.062274, 1.000000;;
      }
      Frame Armature_pelvis {
        FrameTransformMatrix {
           0.963846, 0.000000, 0.266462, 0.000000,
           0.000000, 1.000000, 0.000000, 0.000000,
          -0.266462, 0.000000, 0.963846, 0.000000,
           0.000000, 7.705623, 0.000000, 1.000000;;
        }
        Frame Armature_spine {
          FrameTransformMatrix {
             1.000000, 0.000000, 0.000000, 0.000000,
             0.000000, 1.000000, 0.000000, 0.000000,
             0.000000, 0.000000, 1.000000, 0.000000,
             0.000000, 1.211443, 0.000000, 1.000000;;
          }
          Frame Armature_ribs {
            FrameTransformMatrix {
               1.000000, 0.000000, 0.000000, 0.000000,
               0.000000, 1.000000, 0.000000, 0.000000,
               0.000000, 0.000000, 1.000000, 0.000000,
               0.000000, 1.174148, 0.000000, 1.000000;;
            }
            Frame Armature_head {
              FrameTransformMatrix {
                 1.000000, 0.000000, 0.000000, 0.000000,
                 0.000000, 1.000000, 0.000000, 0.000000,
                -0.000000, 0.000000, 1.000000, 0.000000,
                 0.000000, 1.353853, 0.000000, 1.000000;;
              }
            } //End of Armature_head
            Frame Armature_shoulder_L {
              FrameTransformMatrix {
                 0.000000, 0.000000, 1.000000, 0.000000,
                 0.942064,-0.335432, 0.000000, 0.000000,
                 0.335432, 0.942064,-0.000000, 0.000000,
                 0.000000, 1.353853, 0.000000, 1.000000;;
              }
              Frame Armature_upperArm_L {
                FrameTransformMatrix {
                   0.897666, 0.376981,-0.228215, 0.000000,
                  -0.417852, 0.563628,-0.712547, 0.000000,
                  -0.139988, 0.734989, 0.663471, 0.000000,
                  -0.000000, 1.393160,-0.000001, 1.000000;;
                }
                Frame Armature_lowerArm_L {
                  FrameTransformMatrix {
                     0.221289,-0.975037,-0.018281, 0.000000,
                     0.975058, 0.221545,-0.013393, 0.000000,
                     0.017109,-0.014861, 0.999743, 0.000000,
                    -0.000000, 1.285082,-0.000000, 1.000000;;
                  }
                  Frame Armature_thumb1_L {
                    FrameTransformMatrix {
                       0.332725,-0.245651,-0.910467, 0.000000,
                       0.337077, 0.932672,-0.128459, 0.000000,
                       0.880723,-0.264156, 0.393127, 0.000000,
                      -0.000000, 1.409335, 0.000000, 1.000000;;
                    }
                  } //End of Armature_thumb1_L
                  Frame Armature_indexFinger1_L {
                    FrameTransformMatrix {
                       0.913088,-0.202144,-0.354131, 0.000000,
                       0.256877, 0.959631, 0.114553, 0.000000,
                       0.316679,-0.195565, 0.928153, 0.000000,
                      -0.000000, 1.409335, 0.000000, 1.000000;;
                    }
                  } //End of Armature_indexFinger1_L
                  Frame Armature_middleFinger1_L {
                    FrameTransformMatrix {
                       0.996338, 0.036491,-0.077316, 0.000000,
                      -0.026332, 0.991352, 0.128559, 0.000000,
                       0.081338,-0.126052, 0.988683, 0.000000,
                      -0.000000, 1.409335, 0.000000, 1.000000;;
                    }
                  } //End of Armature_middleFinger1_L
                  Frame Armature_ringFinger1_L {
                    FrameTransformMatrix {
                       0.926999, 0.292361, 0.234942, 0.000000,
                      -0.327732, 0.936012, 0.128350, 0.000000,
                      -0.182384,-0.195978, 0.963498, 0.000000,
                      -0.000000, 1.409335, 0.000000, 1.000000;;
                    }
                  } //End of Armature_ringFinger1_L
                  Frame Armature_pinkyFinger1_L {
                    FrameTransformMatrix {
                       0.773342, 0.448567, 0.448029, 0.000000,
                      -0.549445, 0.826776, 0.120626, 0.000000,
                      -0.316311,-0.339452, 0.885844, 0.000000,
                      -0.000000, 1.409335, 0.000000, 1.000000;;
                    }
                  } //End of Armature_pinkyFinger1_L
                } //End of Armature_lowerArm_L
              } //End of Armature_upperArm_L
            } //End of Armature_shoulder_L
            Frame Armature_shoulder_R {
              FrameTransformMatrix {
                -0.002797, 0.007655, 0.999967, 0.000000,
                -0.939299,-0.343099,-0.000000, 0.000000,
                 0.343088,-0.939268, 0.008150, 0.000000,
                 0.000000, 1.353853, 0.000000, 1.000000;;
              }
              Frame Armature_upperArm_R {
                FrameTransformMatrix {
                   0.910814, 0.392234, 0.128727, 0.000000,
                  -0.412519, 0.876615, 0.247740, 0.000000,
                  -0.015673,-0.278749, 0.960236, 0.000000,
                   0.000000, 1.362029, 0.000000, 1.000000;;
                }
                Frame Armature_lowerArm_R {
                  FrameTransformMatrix {
                     0.950686,-0.195685,-0.240633, 0.000000,
                     0.310008, 0.575529, 0.756744, 0.000000,
                    -0.009593,-0.794024, 0.607811, 0.000000,
                    -0.000000, 1.285084,-0.000000, 1.000000;;
                  }
                  Frame Armature_thumb_R {
                    FrameTransformMatrix {
                       0.658929, 0.146154,-0.737870, 0.000000,
                       0.684433, 0.290423, 0.668735, 0.000000,
                       0.312033,-0.945671, 0.091335, 0.000000,
                      -0.000000, 1.409337,-0.000000, 1.000000;;
                    }
                  } //End of Armature_thumb_R
                  Frame Armature_indexFinger1_R {
                    FrameTransformMatrix {
                       0.674976,-0.245365,-0.695848, 0.000000,
                       0.270913, 0.959631,-0.075592, 0.000000,
                       0.686305,-0.137491, 0.714200, 0.000000,
                      -0.000000, 1.409337,-0.000000, 1.000000;;
                    }
                  } //End of Armature_indexFinger1_R
                  Frame Armature_middleFinger1_R {
                    FrameTransformMatrix {
                       0.998735, 0.000576,-0.050290, 0.000000,
                      -0.007170, 0.991352,-0.131033, 0.000000,
                       0.049780, 0.131227, 0.990102, 0.000000,
                      -0.000000, 1.409337,-0.000000, 1.000000;;
                    }
                  } //End of Armature_middleFinger1_R
                  Frame Armature_ringFinger1_R {
                    FrameTransformMatrix {
                       0.656692, 0.340122, 0.673107, 0.000000,
                      -0.305333, 0.936012,-0.175082, 0.000000,
                      -0.689585,-0.090547, 0.718522, 0.000000,
                      -0.000000, 1.409337,-0.000000, 1.000000;;
                    }
                  } //End of Armature_ringFinger1_R
                  Frame Armature_pinnkyFinger1_R {
                    FrameTransformMatrix {
                       0.119092, 0.304351, 0.945086, 0.000000,
                      -0.525777, 0.826777,-0.199997, 0.000000,
                      -0.842245,-0.473086, 0.258483, 0.000000,
                      -0.000000, 1.409337,-0.000000, 1.000000;;
                    }
                  } //End of Armature_pinnkyFinger1_R
                } //End of Armature_lowerArm_R
              } //End of Armature_upperArm_R
            } //End of Armature_shoulder_R
          } //End of Armature_ribs
        } //End of Armature_spine
        Frame Armature_hipsIKmain {
          FrameTransformMatrix {
             0.963846, 0.000000,-0.266461, 0.000000,
             0.000000,-1.000000, 0.000000, 0.000000,
            -0.266461, 0.000000,-0.963846, 0.000000,
             0.000000, 1.213716, 0.000000, 1.000000;;
          }
          Frame Armature_upperLeg_L {
            FrameTransformMatrix {
               0.995940,-0.089608, 0.008575, 0.000000,
               0.083035, 0.951297, 0.296882, 0.000000,
              -0.034760,-0.294965, 0.954876, 0.000000,
               0.495963, 1.213716,-0.000000, 1.000000;;
            }
            Frame Armature_lowerLeg_L {
              FrameTransformMatrix {
                 0.999991,-0.003368, 0.002324, 0.000000,
                 0.002821, 0.978822, 0.204696, 0.000000,
                -0.002964,-0.204688, 0.978823, 0.000000,
                -0.000000, 2.467851, 0.000000, 1.000000;;
              }
              Frame Armature_foot_L {
                FrameTransformMatrix {
                  -0.995567,-0.076763, 0.054358, 0.000000,
                  -0.038917,-0.189954,-0.981022, 0.000000,
                   0.085631,-0.978787, 0.186124, 0.000000,
                   0.000000, 2.044127,-0.000000, 1.000000;;
                }
              } //End of Armature_foot_L
            } //End of Armature_lowerLeg_L
          } //End of Armature_upperLeg_L
          Frame Armature_upperLeg_R {
            FrameTransformMatrix {
               0.996942, 0.077824,-0.007077, 0.000000,
              -0.069696, 0.844553,-0.530917, 0.000000,
              -0.035341, 0.529786, 0.847395, 0.000000,
              -0.462868, 1.213716, 0.000000, 1.000000;;
            }
            Frame Armature_lowerLeg_R {
              FrameTransformMatrix {
                 0.999878, 0.015188, 0.003668, 0.000000,
                -0.013650, 0.734855, 0.678087, 0.000000,
                 0.007603,-0.678054, 0.734973, 0.000000,
                -0.000000, 2.467850, 0.000000, 1.000000;;
              }
              Frame Armature_foot_R {
                FrameTransformMatrix {
                  -0.995604, 0.088969,-0.029262, 0.000000,
                   0.039728, 0.118254,-0.992189, 0.000000,
                  -0.084813,-0.988990,-0.121269, 0.000000,
                   0.000000, 2.044127,-0.000000, 1.000000;;
                }
              } //End of Armature_foot_R
            } //End of Armature_lowerLeg_R
          } //End of Armature_upperLeg_R
        } //End of Armature_hipsIKmain
      } //End of Armature_pelvis
      Frame Armature_handIK_L {
        FrameTransformMatrix {
          -0.034254,-0.001225, 0.999413, 0.000000,
           0.532619,-0.846181, 0.017217, 0.000000,
           0.845662, 0.532895, 0.029637, 0.000000,
           1.915277, 9.127110, 1.119852, 1.000000;;
        }
      } //End of Armature_handIK_L
      Frame Armature_elbowIK_L {
        FrameTransformMatrix {
           1.000000, 0.000000, 0.000000, 0.000000,
           0.000000, 0.000000,-1.000000, 0.000000,
          -0.000000, 1.000000, 0.000000, 0.000000,
           2.018385,10.260588,-2.680537, 1.000000;;
        }
      } //End of Armature_elbowIK_L
      Frame Armature_footIK_L {
        FrameTransformMatrix {
          -1.000000, 0.000005,-0.000438, 0.000000,
          -0.000418,-0.312282, 0.949989, 0.000000,
          -0.000132, 0.949989, 0.312282, 0.000000,
           0.858223, 3.578462,-1.726289, 1.000000;;
        }
      } //End of Armature_footIK_L
      Frame Armature_kneeIK_L {
        FrameTransformMatrix {
          -1.000000,-0.000000,-0.000000, 0.000000,
          -0.000000, 0.000000, 1.000000, 0.000000,
          -0.000000, 1.000000,-0.000000, 0.000000,
           0.672346, 5.600787, 2.487599, 1.000000;;
        }
      } //End of Armature_kneeIK_L
      Frame Armature_handIK_R {
        FrameTransformMatrix {
          -0.034253, 0.041877, 0.998536, 0.000000,
          -0.532618,-0.846180, 0.017217, 0.000000,
           0.845662,-0.531249, 0.051288, 0.000000,
          -2.127036, 8.884412,-1.076107, 1.000000;;
        }
      } //End of Armature_handIK_R
      Frame Armature_elbowIK_R {
        FrameTransformMatrix {
           1.000000, 0.000000, 0.000002, 0.000000,
           0.000002, 0.000000,-1.000000, 0.000000,
           0.000000, 1.000000,-0.000000, 0.000000,
          -2.107628,10.258568,-2.694134, 1.000000;;
        }
      } //End of Armature_elbowIK_R
      Frame Armature_footIK_R {
        FrameTransformMatrix {
          -1.000000,-0.000251, 0.000359, 0.000000,
           0.000418,-0.300681, 0.953725, 0.000000,
          -0.000132, 0.953725, 0.300681, 0.000000,
          -0.816351, 3.620739, 0.932932, 1.000000;;
        }
      } //End of Armature_footIK_R
      Frame Armature_kneeIK_R {
        FrameTransformMatrix {
          -1.000000,-0.000000,-0.000000, 0.000000,
          -0.000000, 0.000000, 1.000000, 0.000000,
          -0.000000, 1.000000,-0.000000, 0.000000,
          -0.630406, 5.600787, 2.487599, 1.000000;;
        }
      } //End of Armature_kneeIK_R
    } //End of Armature_controller
    Frame kuhniggit_001 {
      FrameTransformMatrix {
         1.000000, 0.000000, 0.000000, 0.000000,
         0.000000, 1.000000, 0.000000, 0.000000,
         0.000000, 0.000000, 1.000000, 0.000000,
         2.758493,-0.704390, 0.797792, 1.000000;;
      }
      Mesh { //Mesh Mesh
        0;
        0;
        MeshNormals { //Mesh Normals
          0;
          0;
        } //End of Mesh Normals
        MeshMaterialList { //Mesh Material List
          0;
          0;
        } //End of Mesh Material List
        XSkinMeshHeader {
          8;
          24;
          33;
        }
        SkinWeights {
          "Armature_lowerLeg_R";
          0;
           0.996772,-0.079134, 0.013570, 0.000000,
          -0.007325, 0.078673, 0.996874, 0.000000,
          -0.079954,-0.993755, 0.077840, 0.000000,
           3.146673,-3.563581,-0.405296, 1.000000;;
        }  //End of Armature_lowerLeg_R Skin Weights
        SkinWeights {
          "Armature_spine";
          0;
           1.000000, 0.000000, 0.000000, 0.000000,
           0.000000, 0.000000,-1.000000, 0.000000,
           0.000000, 1.000000, 0.000000, 0.000000,
           2.758492,-0.413651, 0.704390, 1.000000;;
        }  //End of Armature_spine Skin Weights
        SkinWeights {
          "Armature_lowerArm_L";
          0;
          -0.103013, 0.567933, 0.816603, 0.000000,
          -0.992995,-0.106489,-0.051203, 0.000000,
           0.057879,-0.816157, 0.574924, 0.000000,
           0.550878, 1.638735,-0.194307, 1.000000;;
        }  //End of Armature_lowerArm_L Skin Weights
        SkinWeights {
          "Armature_upperLeg_R";
          0;
           0.996966,-0.077660, 0.005348, 0.000000,
          -0.005268, 0.001236, 0.999985, 0.000000,
          -0.077665,-0.996979, 0.000823, 0.000000,
           3.153336,-1.046423,-0.686495, 1.000000;;
        }  //End of Armature_upperLeg_R Skin Weights
        SkinWeights {
          "Armature_lowerLeg_L";
          0;
           0.996624, 0.080915,-0.013929, 0.000000,
           0.007923, 0.074086, 0.997220, 0.000000,
           0.081722,-0.993964, 0.073195, 0.000000,
           2.319247,-3.124047,-0.505145, 1.000000;;
        }  //End of Armature_lowerLeg_L Skin Weights
        SkinWeights {
          "Armature_hipsIKmain";
          0;
           1.000000, 0.000000,-0.000000, 0.000000,
           0.000000, 0.000000, 1.000000, 0.000000,
           0.000000,-1.000000, 0.000000, 0.000000,
           2.758493, 0.415924,-0.704390, 1.000000;;
        }  //End of Armature_hipsIKmain Skin Weights
        SkinWeights {
          "Armature_pinnkyFinger1_R";
          0;
           0.641760,-0.579973, 0.501771, 0.000000,
          -0.161376, 0.537505, 0.827675, 0.000000,
          -0.749734,-0.612143, 0.251355, 0.000000,
           3.859135,-3.363089, 2.258076, 1.000000;;
        }  //End of Armature_pinnkyFinger1_R Skin Weights
        SkinWeights {
          "Armature_thumb1_L";
          0;
          -0.988030,-0.153581,-0.014474, 0.000000,
           0.151180,-0.945371,-0.288823, 0.000000,
           0.030675,-0.287554, 0.957273, 0.000000,
          -0.008963, 0.620691,-0.092237, 1.000000;;
        }  //End of Armature_thumb1_L Skin Weights
        SkinWeights {
          "Armature_handIK_R";
          0;
          -0.034253,-0.532618, 0.845662, 0.000000,
          -0.998535,-0.017217,-0.051288, 0.000000,
           0.041877,-0.846180,-0.531249, 0.000000,
           0.359041,-2.725821, 4.872705, 1.000000;;
        }  //End of Armature_handIK_R Skin Weights
        SkinWeights {
          "Armature_footIK_L";
          0;
          -1.000000,-0.000418,-0.000132, 0.000000,
           0.000438,-0.953725,-0.300681, 0.000000,
           0.000000,-0.300681, 0.953725, 0.000000,
          -1.900650,-0.763184, 5.305599, 1.000000;;
        }  //End of Armature_footIK_L Skin Weights
        SkinWeights {
          "Armature_shoulder_R";
          0;
          -0.002796,-0.939299, 0.343088, 0.000000,
          -0.999967,-0.000000,-0.008150, 0.000000,
           0.007655,-0.343099,-0.939268, 0.000000,
           0.674133,-1.581772, 3.715146, 1.000000;;
        }  //End of Armature_shoulder_R Skin Weights
        SkinWeights {
          "Armature_thumb_R";
          0;
          -0.988030, 0.153580,-0.014477, 0.000000,
          -0.142655,-0.945370,-0.293129, 0.000000,
          -0.058705,-0.287555, 0.955963, 0.000000,
          -5.397848, 1.461551,-0.171199, 1.000000;;
        }  //End of Armature_thumb_R Skin Weights
        SkinWeights {
          "Armature_elbowIK_R";
          0;
           1.000000, 0.000002,-0.000000, 0.000000,
          -0.000002, 1.000000, 0.000000, 0.000000,
           0.000000,-0.000000, 1.000000, 0.000000,
           5.677431, 1.832807,-2.252515, 1.000000;;
        }  //End of Armature_elbowIK_R Skin Weights
        SkinWeights {
          "Armature_foot_R";
          0;
          -1.000000, 0.000418,-0.000132, 0.000000,
          -0.000359,-0.953724,-0.300681, 0.000000,
          -0.000251,-0.300681, 0.953725, 0.000000,
          -3.575790,-0.760895, 5.305372, 1.000000;;
        }  //End of Armature_foot_R Skin Weights
        SkinWeights {
          "Armature_upperLeg_L";
          0;
           0.996795, 0.079769,-0.006094, 0.000000,
           0.005710, 0.005035, 0.999971, 0.000000,
           0.079797,-0.996801, 0.004563, 0.000000,
           2.314917,-0.618307,-0.714516, 1.000000;;
        }  //End of Armature_upperLeg_L Skin Weights
        SkinWeights {
          "Armature_kneeIK_R";
          0;
          -1.000000, 0.000000,-0.000000, 0.000000,
          -0.000000,-1.000000,-0.000000, 0.000000,
          -0.000000, 0.000000, 1.000000, 0.000000,
          -3.388899,-1.783209, 3.259279, 1.000000;;
        }  //End of Armature_kneeIK_R Skin Weights
        SkinWeights {
          "Armature_ringFinger1_L";
          0;
           0.262403, 0.670163, 0.694281, 0.000000,
          -0.963668, 0.219190, 0.152642, 0.000000,
          -0.049885,-0.709110, 0.703331, 0.000000,
           0.532080, 0.009241,-0.332643, 1.000000;;
        }  //End of Armature_ringFinger1_L Skin Weights
        SkinWeights {
          "Armature_footIK_R";
          0;
          -1.000000, 0.000418,-0.000132, 0.000000,
          -0.000359,-0.953724,-0.300681, 0.000000,
          -0.000251,-0.300681, 0.953725, 0.000000,
          -3.575790,-0.760896, 5.305377, 1.000000;;
        }  //End of Armature_footIK_R Skin Weights
        SkinWeights {
          "Armature_upperArm_L";
          0;
          -0.022268, 0.568661, 0.822271, 0.000000,
          -0.999506, 0.005592,-0.030935, 0.000000,
          -0.022190,-0.822553, 0.568255, 0.000000,
           0.726747, 2.853648,-0.195224, 1.000000;;
        }  //End of Armature_upperArm_L Skin Weights
        SkinWeights {
          "Armature_handIK_L";
          0;
          -0.034253, 0.532618, 0.845662, 0.000000,
          -0.999412,-0.017218,-0.029637, 0.000000,
          -0.001225,-0.846180, 0.532895, 0.000000,
           0.564411, 0.190286,-0.197667, 1.000000;;
        }  //End of Armature_handIK_L Skin Weights
        SkinWeights {
          "Armature_ringFinger1_R";
          0;
           0.369144,-0.624807, 0.688003, 0.000000,
          -0.685737, 0.316555, 0.655407, 0.000000,
          -0.627294,-0.713729,-0.311599, 0.000000,
           2.605068,-3.461181, 3.540628, 1.000000;;
        }  //End of Armature_ringFinger1_R Skin Weights
        SkinWeights {
          "Armature_shoulder_L";
          0;
           0.000000, 0.942065, 0.335432, 0.000000,
          -1.000000, 0.000000, 0.000000, 0.000000,
           0.000000,-0.335432, 0.942064, 0.000000,
           0.704389, 3.585403,-1.845938, 1.000000;;
        }  //End of Armature_shoulder_L Skin Weights
        SkinWeights {
          "Armature_middleFinger1_R";
          0;
          -0.084355,-0.628430, 0.773278, 0.000000,
          -0.995348, 0.016887,-0.094856, 0.000000,
           0.046552,-0.777682,-0.626931, 0.000000,
           0.077425,-3.295985, 4.520254, 1.000000;;
        }  //End of Armature_middleFinger1_R Skin Weights
        SkinWeights {
          "Armature_middleFinger1_L";
          0;
          -0.145047, 0.670716, 0.727394, 0.000000,
          -0.989286,-0.086002,-0.117969, 0.000000,
          -0.016566,-0.736712, 0.676004, 0.000000,
           0.572255, 0.187930,-0.176217, 1.000000;;
        }  //End of Armature_middleFinger1_L Skin Weights
        SkinWeights {
          "Armature_foot_L";
          0;
          -1.000000,-0.000418,-0.000132, 0.000000,
           0.000438,-0.953724,-0.300681, 0.000000,
          -0.000000,-0.300681, 0.953725, 0.000000,
          -1.900652,-0.763182, 5.305579, 1.000000;;
        }  //End of Armature_foot_L Skin Weights
        SkinWeights {
          "Armature_ribs";
          0;
           1.000000, 0.000000, 0.000000, 0.000000,
           0.000000, 0.000000,-1.000000, 0.000000,
           0.000000, 1.000000, 0.000000, 0.000000,
           2.758492,-1.587799, 0.704390, 1.000000;;
        }  //End of Armature_ribs Skin Weights
        SkinWeights {
          "Armature_pinkyFinger1_L";
          0;
           0.540954, 0.624657, 0.563181, 0.000000,
          -0.838632, 0.451378, 0.304885, 0.000000,
          -0.063759,-0.637231, 0.768031, 0.000000,
           0.441863,-0.136454,-0.424245, 1.000000;;
        }  //End of Armature_pinkyFinger1_L Skin Weights
        SkinWeights {
          "Armature_head";
          0;
           1.000000, 0.000000, 0.000000, 0.000000,
           0.000000, 0.000000,-1.000000, 0.000000,
           0.000000, 1.000000, 0.000000, 0.000000,
           2.758493,-2.941652, 0.704390, 1.000000;;
        }  //End of Armature_head Skin Weights
        SkinWeights {
          "Armature_indexFinger1_R";
          0;
          -0.492876,-0.576110, 0.652051, 0.000000,
          -0.643106,-0.263571,-0.718989, 0.000000,
           0.586078,-0.773710,-0.240592, 0.000000,
          -2.535892,-2.848657, 4.093483, 1.000000;;
        }  //End of Armature_indexFinger1_R Skin Weights
        SkinWeights {
          "Armature_upperArm_R";
          0;
           0.113284,-0.612620, 0.782217, 0.000000,
          -0.991899,-0.115272, 0.053372, 0.000000,
           0.057471,-0.781926,-0.620716, 0.000000,
           1.013904,-0.457717, 4.656740, 1.000000;;
        }  //End of Armature_upperArm_R Skin Weights
        SkinWeights {
          "Armature_indexFinger1_L";
          0;
          -0.498049, 0.612089, 0.614244, 0.000000,
          -0.867033,-0.363133,-0.341159, 0.000000,
           0.014232,-0.702483, 0.711558, 0.000000,
           0.525438, 0.339388,-0.050758, 1.000000;;
        }  //End of Armature_indexFinger1_L Skin Weights
        SkinWeights {
          "Armature_kneeIK_L";
          0;
          -1.000000, 0.000000,-0.000000, 0.000000,
          -0.000000,-1.000000,-0.000000, 0.000000,
          -0.000000, 0.000000, 1.000000, 0.000000,
          -2.086146,-1.783209, 3.259279, 1.000000;;
        }  //End of Armature_kneeIK_L Skin Weights
        SkinWeights {
          "Armature_lowerArm_R";
          0;
          -0.041249,-0.521569, 0.852211, 0.000000,
          -0.998931, 0.003720,-0.046074, 0.000000,
           0.020861,-0.853201,-0.521165, 0.000000,
           0.325975,-1.264921, 4.903498, 1.000000;;
        }  //End of Armature_lowerArm_R Skin Weights
      } //End of Mesh Mesh
    } //End of kuhniggit_001
  } //End of Armature
} //End of Root Frame
AnimTicksPerSecond {
  24;
}
AnimationSet {
  Animation {
    {Armature}
    AnimationKey { //Position
      2;
      80;
      0;3;     0.000000, 0.000000, 4.982178;;,
      1;3;     0.000000, 0.000000, 4.982178;;,
      2;3;     0.000000, 0.000000, 4.982178;;,
      3;3;     0.000000, 0.000000, 4.982178;;,
      4;3;     0.000000, 0.000000, 4.982178;;,
      5;3;     0.000000, 0.000000, 4.982178;;,
      6;3;     0.000000, 0.000000, 4.982178;;,
      7;3;     0.000000, 0.000000, 4.982178;;,
      8;3;     0.000000, 0.000000, 4.982178;;,
      9;3;     0.000000, 0.000000, 4.982178;;,
      10;3;    0.000000, 0.000000, 4.982178;;,
      11;3;    0.000000, 0.000000, 4.982178;;,
      12;3;    0.000000, 0.000000, 4.982178;;,
      13;3;    0.000000, 0.000000, 4.982178;;,
      14;3;    0.000000, 0.000000, 4.982178;;,
      15;3;    0.000000, 0.000000, 4.982178;;,
      16;3;    0.000000, 0.000000, 4.982178;;,
      17;3;    0.000000, 0.000000, 4.982178;;,
      18;3;    0.000000, 0.000000, 4.982178;;,
      19;3;    0.000000, 0.000000, 4.982178;;,
      20;3;    0.000000, 0.000000, 4.982178;;,
      21;3;    0.000000, 0.000000, 4.982178;;,
      22;3;    0.000000, 0.000000, 4.982178;;,
      23;3;    0.000000, 0.000000, 4.982178;;,
      24;3;    0.000000, 0.000000, 4.982178;;,
      25;3;    0.000000, 0.000000, 4.982178;;,
      26;3;    0.000000, 0.000000, 4.982178;;,
      27;3;    0.000000, 0.000000, 4.982178;;,
      28;3;    0.000000, 0.000000, 4.982178;;,
      29;3;    0.000000, 0.000000, 4.982178;;,
      30;3;    0.000000, 0.000000, 4.982178;;,
      31;3;    0.000000, 0.000000, 4.982178;;,
      32;3;    0.000000, 0.000000, 4.982178;;,
      33;3;    0.000000, 0.000000, 4.982178;;,
      34;3;    0.000000, 0.000000, 4.982178;;,
      35;3;    0.000000, 0.000000, 4.982178;;,
      36;3;    0.000000, 0.000000, 4.982178;;,
      37;3;    0.000000, 0.000000, 4.982178;;,
      38;3;    0.000000, 0.000000, 4.982178;;,
      39;3;    0.000000, 0.000000, 4.982178;;,
      40;3;    0.000000, 0.000000, 4.982178;;,
      41;3;    0.000000, 0.000000, 4.982178;;,
      42;3;    0.000000, 0.000000, 4.982178;;,
      43;3;    0.000000, 0.000000, 4.982178;;,
      44;3;    0.000000, 0.000000, 4.982178;;,
      45;3;    0.000000, 0.000000, 4.982178;;,
      46;3;    0.000000, 0.000000, 4.982178;;,
      47;3;    0.000000, 0.000000, 4.982178;;,
      48;3;    0.000000, 0.000000, 4.982178;;,
      49;3;    0.000000, 0.000000, 4.982178;;,
      50;3;    0.000000, 0.000000, 4.982178;;,
      51;3;    0.000000, 0.000000, 4.982178;;,
      52;3;    0.000000, 0.000000, 4.982178;;,
      53;3;    0.000000, 0.000000, 4.982178;;,
      54;3;    0.000000, 0.000000, 4.982178;;,
      55;3;    0.000000, 0.000000, 4.982178;;,
      56;3;    0.000000, 0.000000, 4.982178;;,
      57;3;    0.000000, 0.000000, 4.982178;;,
      58;3;    0.000000, 0.000000, 4.982178;;,
      59;3;    0.000000, 0.000000, 4.982178;;,
      60;3;    0.000000, 0.000000, 4.982178;;,
      61;3;    0.000000, 0.000000, 4.982178;;,
      62;3;    0.000000, 0.000000, 4.982178;;,
      63;3;    0.000000, 0.000000, 4.982178;;,
      64;3;    0.000000, 0.000000, 4.982178;;,
      65;3;    0.000000, 0.000000, 4.982178;;,
      66;3;    0.000000, 0.000000, 4.982178;;,
      67;3;    0.000000, 0.000000, 4.982178;;,
      68;3;    0.000000, 0.000000, 4.982178;;,
      69;3;    0.000000, 0.000000, 4.982178;;,
      70;3;    0.000000, 0.000000, 4.982178;;,
      71;3;    0.000000, 0.000000, 4.982178;;,
      72;3;    0.000000, 0.000000, 4.982178;;,
      73;3;    0.000000, 0.000000, 4.982178;;,
      74;3;    0.000000, 0.000000, 4.982178;;,
      75;3;    0.000000, 0.000000, 4.982178;;,
      76;3;    0.000000, 0.000000, 4.982178;;,
      77;3;    0.000000, 0.000000, 4.982178;;,
      78;3;    0.000000, 0.000000, 4.982178;;,
      79;3;    0.000000, 0.000000, 4.982178;;;
    }
    AnimationKey { //Rotation
      0;
      80;
      0;4;    -1.000000, 0.000000, 0.000000, 0.000000;;,
      1;4;    -1.000000, 0.000000, 0.000000, 0.000000;;,
      2;4;    -1.000000, 0.000000, 0.000000, 0.000000;;,
      3;4;    -1.000000, 0.000000, 0.000000, 0.000000;;,
      4;4;    -1.000000, 0.000000, 0.000000, 0.000000;;,
      5;4;    -1.000000, 0.000000, 0.000000, 0.000000;;,
      6;4;    -1.000000, 0.000000, 0.000000, 0.000000;;,
      7;4;    -1.000000, 0.000000, 0.000000, 0.000000;;,
      8;4;    -1.000000, 0.000000, 0.000000, 0.000000;;,
      9;4;    -1.000000, 0.000000, 0.000000, 0.000000;;,
      10;4;   -1.000000, 0.000000, 0.000000, 0.000000;;,
      11;4;   -1.000000, 0.000000, 0.000000, 0.000000;;,
      12;4;   -1.000000, 0.000000, 0.000000, 0.000000;;,
      13;4;   -1.000000, 0.000000, 0.000000, 0.000000;;,
      14;4;   -1.000000, 0.000000, 0.000000, 0.000000;;,
      15;4;   -1.000000, 0.000000, 0.000000, 0.000000;;,
      16;4;   -1.000000, 0.000000, 0.000000, 0.000000;;,
      17;4;   -1.000000, 0.000000, 0.000000, 0.000000;;,
      18;4;   -1.000000, 0.000000, 0.000000, 0.000000;;,
      19;4;   -1.000000, 0.000000, 0.000000, 0.000000;;,
      20;4;   -1.000000, 0.000000, 0.000000, 0.000000;;,
      21;4;   -1.000000, 0.000000, 0.000000, 0.000000;;,
      22;4;   -1.000000, 0.000000, 0.000000, 0.000000;;,
      23;4;   -1.000000, 0.000000, 0.000000, 0.000000;;,
      24;4;   -1.000000, 0.000000, 0.000000, 0.000000;;,
      25;4;   -1.000000, 0.000000, 0.000000, 0.000000;;,
      26;4;   -1.000000, 0.000000, 0.000000, 0.000000;;,
      27;4;   -1.000000, 0.000000, 0.000000, 0.000000;;,
      28;4;   -1.000000, 0.000000, 0.000000, 0.000000;;,
      29;4;   -1.000000, 0.000000, 0.000000, 0.000000;;,
      30;4;   -1.000000, 0.000000, 0.000000, 0.000000;;,
      31;4;   -1.000000, 0.000000, 0.000000, 0.000000;;,
      32;4;   -1.000000, 0.000000, 0.000000, 0.000000;;,
      33;4;   -1.000000, 0.000000, 0.000000, 0.000000;;,
      34;4;   -1.000000, 0.000000, 0.000000, 0.000000;;,
      35;4;   -1.000000, 0.000000, 0.000000, 0.000000;;,
      36;4;   -1.000000, 0.000000, 0.000000, 0.000000;;,
      37;4;   -1.000000, 0.000000, 0.000000, 0.000000;;,
      38;4;   -1.000000, 0.000000, 0.000000, 0.000000;;,
      39;4;   -1.000000, 0.000000, 0.000000, 0.000000;;,
      40;4;   -1.000000, 0.000000, 0.000000, 0.000000;;,
      41;4;   -1.000000, 0.000000, 0.000000, 0.000000;;,
      42;4;   -1.000000, 0.000000, 0.000000, 0.000000;;,
      43;4;   -1.000000, 0.000000, 0.000000, 0.000000;;,
      44;4;   -1.000000, 0.000000, 0.000000, 0.000000;;,
      45;4;   -1.000000, 0.000000, 0.000000, 0.000000;;,
      46;4;   -1.000000, 0.000000, 0.000000, 0.000000;;,
      47;4;   -1.000000, 0.000000, 0.000000, 0.000000;;,
      48;4;   -1.000000, 0.000000, 0.000000, 0.000000;;,
      49;4;   -1.000000, 0.000000, 0.000000, 0.000000;;,
      50;4;   -1.000000, 0.000000, 0.000000, 0.000000;;,
      51;4;   -1.000000, 0.000000, 0.000000, 0.000000;;,
      52;4;   -1.000000, 0.000000, 0.000000, 0.000000;;,
      53;4;   -1.000000, 0.000000, 0.000000, 0.000000;;,
      54;4;   -1.000000, 0.000000, 0.000000, 0.000000;;,
      55;4;   -1.000000, 0.000000, 0.000000, 0.000000;;,
      56;4;   -1.000000, 0.000000, 0.000000, 0.000000;;,
      57;4;   -1.000000, 0.000000, 0.000000, 0.000000;;,
      58;4;   -1.000000, 0.000000, 0.000000, 0.000000;;,
      59;4;   -1.000000, 0.000000, 0.000000, 0.000000;;,
      60;4;   -1.000000, 0.000000, 0.000000, 0.000000;;,
      61;4;   -1.000000, 0.000000, 0.000000, 0.000000;;,
      62;4;   -1.000000, 0.000000, 0.000000, 0.000000;;,
      63;4;   -1.000000, 0.000000, 0.000000, 0.000000;;,
      64;4;   -1.000000, 0.000000, 0.000000, 0.000000;;,
      65;4;   -1.000000, 0.000000, 0.000000, 0.000000;;,
      66;4;   -1.000000, 0.000000, 0.000000, 0.000000;;,
      67;4;   -1.000000, 0.000000, 0.000000, 0.000000;;,
      68;4;   -1.000000, 0.000000, 0.000000, 0.000000;;,
      69;4;   -1.000000, 0.000000, 0.000000, 0.000000;;,
      70;4;   -1.000000, 0.000000, 0.000000, 0.000000;;,
      71;4;   -1.000000, 0.000000, 0.000000, 0.000000;;,
      72;4;   -1.000000, 0.000000, 0.000000, 0.000000;;,
      73;4;   -1.000000, 0.000000, 0.000000, 0.000000;;,
      74;4;   -1.000000, 0.000000, 0.000000, 0.000000;;,
      75;4;   -1.000000, 0.000000, 0.000000, 0.000000;;,
      76;4;   -1.000000, 0.000000, 0.000000, 0.000000;;,
      77;4;   -1.000000, 0.000000, 0.000000, 0.000000;;,
      78;4;   -1.000000, 0.000000, 0.000000, 0.000000;;,
      79;4;   -1.000000, 0.000000, 0.000000, 0.000000;;;
    }
    AnimationKey { //Scale
      1;
      80;
      0;3;     1.000000, 1.000000, 1.000000;;,
      1;3;     1.000000, 1.000000, 1.000000;;,
      2;3;     1.000000, 1.000000, 1.000000;;,
      3;3;     1.000000, 1.000000, 1.000000;;,
      4;3;     1.000000, 1.000000, 1.000000;;,
      5;3;     1.000000, 1.000000, 1.000000;;,
      6;3;     1.000000, 1.000000, 1.000000;;,
      7;3;     1.000000, 1.000000, 1.000000;;,
      8;3;     1.000000, 1.000000, 1.000000;;,
      9;3;     1.000000, 1.000000, 1.000000;;,
      10;3;    1.000000, 1.000000, 1.000000;;,
      11;3;    1.000000, 1.000000, 1.000000;;,
      12;3;    1.000000, 1.000000, 1.000000;;,
      13;3;    1.000000, 1.000000, 1.000000;;,
      14;3;    1.000000, 1.000000, 1.000000;;,
      15;3;    1.000000, 1.000000, 1.000000;;,
      16;3;    1.000000, 1.000000, 1.000000;;,
      17;3;    1.000000, 1.000000, 1.000000;;,
      18;3;    1.000000, 1.000000, 1.000000;;,
      19;3;    1.000000, 1.000000, 1.000000;;,
      20;3;    1.000000, 1.000000, 1.000000;;,
      21;3;    1.000000, 1.000000, 1.000000;;,
      22;3;    1.000000, 1.000000, 1.000000;;,
      23;3;    1.000000, 1.000000, 1.000000;;,
      24;3;    1.000000, 1.000000, 1.000000;;,
      25;3;    1.000000, 1.000000, 1.000000;;,
      26;3;    1.000000, 1.000000, 1.000000;;,
      27;3;    1.000000, 1.000000, 1.000000;;,
      28;3;    1.000000, 1.000000, 1.000000;;,
      29;3;    1.000000, 1.000000, 1.000000;;,
      30;3;    1.000000, 1.000000, 1.000000;;,
      31;3;    1.000000, 1.000000, 1.000000;;,
      32;3;    1.000000, 1.000000, 1.000000;;,
      33;3;    1.000000, 1.000000, 1.000000;;,
      34;3;    1.000000, 1.000000, 1.000000;;,
      35;3;    1.000000, 1.000000, 1.000000;;,
      36;3;    1.000000, 1.000000, 1.000000;;,
      37;3;    1.000000, 1.000000, 1.000000;;,
      38;3;    1.000000, 1.000000, 1.000000;;,
      39;3;    1.000000, 1.000000, 1.000000;;,
      40;3;    1.000000, 1.000000, 1.000000;;,
      41;3;    1.000000, 1.000000, 1.000000;;,
      42;3;    1.000000, 1.000000, 1.000000;;,
      43;3;    1.000000, 1.000000, 1.000000;;,
      44;3;    1.000000, 1.000000, 1.000000;;,
      45;3;    1.000000, 1.000000, 1.000000;;,
      46;3;    1.000000, 1.000000, 1.000000;;,
      47;3;    1.000000, 1.000000, 1.000000;;,
      48;3;    1.000000, 1.000000, 1.000000;;,
      49;3;    1.000000, 1.000000, 1.000000;;,
      50;3;    1.000000, 1.000000, 1.000000;;,
      51;3;    1.000000, 1.000000, 1.000000;;,
      52;3;    1.000000, 1.000000, 1.000000;;,
      53;3;    1.000000, 1.000000, 1.000000;;,
      54;3;    1.000000, 1.000000, 1.000000;;,
      55;3;    1.000000, 1.000000, 1.000000;;,
      56;3;    1.000000, 1.000000, 1.000000;;,
      57;3;    1.000000, 1.000000, 1.000000;;,
      58;3;    1.000000, 1.000000, 1.000000;;,
      59;3;    1.000000, 1.000000, 1.000000;;,
      60;3;    1.000000, 1.000000, 1.000000;;,
      61;3;    1.000000, 1.000000, 1.000000;;,
      62;3;    1.000000, 1.000000, 1.000000;;,
      63;3;    1.000000, 1.000000, 1.000000;;,
      64;3;    1.000000, 1.000000, 1.000000;;,
      65;3;    1.000000, 1.000000, 1.000000;;,
      66;3;    1.000000, 1.000000, 1.000000;;,
      67;3;    1.000000, 1.000000, 1.000000;;,
      68;3;    1.000000, 1.000000, 1.000000;;,
      69;3;    1.000000, 1.000000, 1.000000;;,
      70;3;    1.000000, 1.000000, 1.000000;;,
      71;3;    1.000000, 1.000000, 1.000000;;,
      72;3;    1.000000, 1.000000, 1.000000;;,
      73;3;    1.000000, 1.000000, 1.000000;;,
      74;3;    1.000000, 1.000000, 1.000000;;,
      75;3;    1.000000, 1.000000, 1.000000;;,
      76;3;    1.000000, 1.000000, 1.000000;;,
      77;3;    1.000000, 1.000000, 1.000000;;,
      78;3;    1.000000, 1.000000, 1.000000;;,
      79;3;    1.000000, 1.000000, 1.000000;;;
    }
  }
  Animation {
    {Armature_controller}
    AnimationKey { //Position
      2;
      80;
      0;3;     0.000000, 0.000000,-8.062274;;,
      1;3;     0.000000, 0.000000,-8.062274;;,
      2;3;     0.000000, 0.000000,-8.062274;;,
      3;3;     0.000000, 0.000000,-8.062274;;,
      4;3;     0.000000, 0.000000,-8.062274;;,
      5;3;     0.000000, 0.000000,-8.062274;;,
      6;3;     0.000000, 0.000000,-8.062274;;,
      7;3;     0.000000, 0.000000,-8.062274;;,
      8;3;     0.000000, 0.000000,-8.062274;;,
      9;3;     0.000000, 0.000000,-8.062274;;,
      10;3;    0.000000, 0.000000,-8.062274;;,
      11;3;    0.000000, 0.000000,-8.062274;;,
      12;3;    0.000000, 0.000000,-8.062274;;,
      13;3;    0.000000, 0.000000,-8.062274;;,
      14;3;    0.000000, 0.000000,-8.062274;;,
      15;3;    0.000000, 0.000000,-8.062274;;,
      16;3;    0.000000, 0.000000,-8.062274;;,
      17;3;    0.000000, 0.000000,-8.062274;;,
      18;3;    0.000000, 0.000000,-8.062274;;,
      19;3;    0.000000, 0.000000,-8.062274;;,
      20;3;    0.000000, 0.000000,-8.062274;;,
      21;3;    0.000000, 0.000000,-8.062274;;,
      22;3;    0.000000, 0.000000,-8.062274;;,
      23;3;    0.000000, 0.000000,-8.062274;;,
      24;3;    0.000000, 0.000000,-8.062274;;,
      25;3;    0.000000, 0.000000,-8.062274;;,
      26;3;    0.000000, 0.000000,-8.062274;;,
      27;3;    0.000000, 0.000000,-8.062274;;,
      28;3;    0.000000, 0.000000,-8.062274;;,
      29;3;    0.000000, 0.000000,-8.062274;;,
      30;3;    0.000000, 0.000000,-8.062274;;,
      31;3;    0.000000, 0.000000,-8.062274;;,
      32;3;    0.000000, 0.000000,-8.062274;;,
      33;3;    0.000000, 0.000000,-8.062274;;,
      34;3;    0.000000, 0.000000,-8.062274;;,
      35;3;    0.000000, 0.000000,-8.062274;;,
      36;3;    0.000000, 0.000000,-8.062274;;,
      37;3;    0.000000, 0.000000,-8.062274;;,
      38;3;    0.000000, 0.000000,-8.062274;;,
      39;3;    0.000000, 0.000000,-8.062274;;,
      40;3;    0.000000, 0.000000,-8.062274;;,
      41;3;    0.000000, 0.000000,-8.062274;;,
      42;3;    0.000000, 0.000000,-8.062274;;,
      43;3;    0.000000, 0.000000,-8.062274;;,
